               Fe         C        Cr        Mn        Si        Ni        Co        Mo         W        Nb        Al         P        Cu         V         B         N         S    Normal   Temper1   Temper2   AGS No.       AGS   CT Temp        CS        RT        EL      RA_2       MCR   0.5% CS   1.0% CS   2.0% CS   5.0% CS
Fe       1.000000 -0.720362 -0.885494 -0.802336  0.119325 -0.847928 -0.562104  0.261722 -0.709793  0.335672 -0.449361 -0.419446 -0.560970 -0.337211 -0.411860  0.023839 -0.170712 -0.255463  0.001191  0.105528  0.695311  0.543699  0.063877 -0.227072 -0.071379  0.431017  0.646866 -0.006730 -0.165610 -0.148145 -0.084279 -0.034790
C       -0.720362  1.000000  0.650464  0.653848  0.112207  0.865981  0.704406  0.090283  0.317353 -0.511928  0.521371  0.445925  0.015454  0.352059 -0.151355 -0.383788  0.396020  0.085341 -0.225438  0.104218 -0.787241 -0.505985 -0.179788  0.294926  0.085140 -0.275994 -0.485682 -0.066360  0.147970  0.185945  0.150385  0.137879
Cr      -0.885494  0.650464  1.000000  0.748948 -0.034126  0.752686  0.466514 -0.466711  0.401596 -0.502184  0.572019  0.525905  0.352854  0.024085  0.171964 -0.229973  0.329579  0.205995 -0.035149 -0.048741 -0.674591 -0.568775 -0.255575  0.230560  0.094513 -0.262625 -0.482377 -0.005231  0.072321  0.101709  0.113663  0.104785
Mn      -0.802336  0.653848  0.748948  1.000000  0.041790  0.802811  0.529357 -0.173287  0.392869 -0.429357  0.446504  0.450327  0.367719  0.206025  0.127575 -0.119604  0.328737  0.136245 -0.079851  0.096827 -0.647447 -0.485744 -0.200749  0.244689  0.080913 -0.278520 -0.483560  0.000132  0.139912  0.177904  0.119411  0.121645
Si       0.119325  0.112207 -0.034126  0.041790  1.000000 -0.065793  0.042778  0.205084 -0.405187 -0.565268  0.234233  0.396700 -0.211158 -0.502578 -0.427088 -0.630971  0.435831 -0.557471 -0.473160  0.083151 -0.181226 -0.236374 -0.058044 -0.162902  0.010874  0.506282  0.186571 -0.025581  0.042319  0.086542  0.094735  0.092260
Ni      -0.847928  0.865981  0.752686  0.802811 -0.065793  1.000000  0.738554 -0.010733  0.439283 -0.405474  0.483118  0.419397  0.196971  0.425904  0.011975 -0.217254  0.329667  0.247825 -0.077809  0.024920 -0.747558 -0.433966 -0.186563  0.332428  0.106979 -0.430136 -0.560447 -0.051519  0.170853  0.201074  0.149813  0.130178
Co      -0.562104  0.704406  0.466514  0.529357  0.042778  0.738554  1.000000  0.243694  0.226694 -0.346655  0.271450  0.404148 -0.070151  0.369975 -0.189871 -0.306644  0.305931  0.114719 -0.144480 -0.023487 -0.595559 -0.284737 -0.135404  0.285086  0.118148 -0.306945 -0.449458 -0.055177  0.173208  0.205515  0.175119  0.117237
Mo       0.261722  0.090283 -0.466711 -0.173287  0.205084 -0.010733  0.243694  1.000000 -0.285392 -0.050928 -0.158205  0.015209 -0.381058  0.192704 -0.455371 -0.228711  0.043875 -0.133280 -0.089429  0.097907  0.092960  0.229982  0.085940  0.036649  0.007154  0.089581  0.117330 -0.103427  0.169884  0.186108  0.121271  0.085061
W       -0.709793  0.317353  0.401596  0.392869 -0.405187  0.439283  0.226694 -0.285392  1.000000  0.171320  0.025512 -0.031969  0.695086  0.517068  0.840506  0.427519 -0.246176  0.289805  0.147368 -0.237615 -0.352966 -0.342040  0.278039  0.056223 -0.021096 -0.497887 -0.592792  0.081022  0.037693 -0.027124 -0.083454 -0.122891
Nb       0.335672 -0.511928 -0.502184 -0.429357 -0.565268 -0.405474 -0.346655 -0.050928  0.171320  1.000000 -0.347625 -0.740557  0.185605  0.559485  0.384022  0.867898 -0.747415  0.355280  0.409772 -0.104868  0.709446  0.707965  0.224543 -0.004804 -0.073402 -0.391927  0.036119  0.024683 -0.059810 -0.123846 -0.140177 -0.156860
Al      -0.449361  0.521371  0.572019  0.446504  0.234233  0.483118  0.271450 -0.158205  0.025512 -0.347625  1.000000  0.222618 -0.069018  0.049489 -0.203787 -0.321847  0.318538  0.199232  0.007678  0.133212 -0.360519 -0.303530 -0.289948  0.223485  0.061671 -0.171682 -0.279247 -0.016815  0.062628  0.077081  0.072775  0.057596
P       -0.419446  0.445925  0.525905  0.450327  0.396700  0.419397  0.404148  0.015209 -0.031969 -0.740557  0.222618  1.000000  0.018862 -0.396932 -0.216478 -0.638433  0.548753 -0.296706 -0.335846 -0.268246 -0.588655 -0.508013 -0.171128  0.027718  0.062323  0.222993 -0.115834 -0.048326  0.109361  0.178891  0.155533  0.140546
Cu      -0.560970  0.015454  0.352854  0.367719 -0.211158  0.196971 -0.070151 -0.381058  0.695086  0.185605 -0.069018  0.018862  1.000000  0.218376  0.841119  0.530123 -0.273409  0.133530  0.143300 -0.226233 -0.131227 -0.192638  0.236322 -0.084180 -0.036953 -0.263680 -0.365309  0.022378  0.001336 -0.048784 -0.074550 -0.088705
V       -0.337211  0.352059  0.024085  0.206025 -0.502578  0.425904  0.369975  0.192704  0.517068  0.559485  0.049489 -0.396932  0.218376  1.000000  0.270735  0.569458 -0.431243  0.479125  0.250335  0.016359  0.028975  0.322546  0.102096  0.287877  0.015180 -0.706998 -0.442789 -0.022782  0.141407  0.106933  0.025424 -0.027081
B       -0.411860 -0.151355  0.171964  0.127575 -0.427088  0.011975 -0.189871 -0.455371  0.840506  0.384022 -0.203787 -0.216478  0.841119  0.270735  1.000000  0.656490 -0.417848  0.204003  0.230495 -0.264159  0.011099 -0.149945  0.353733 -0.123963 -0.073075 -0.305120 -0.332365  0.102229 -0.043103 -0.107374 -0.130490 -0.147176
N        0.023839 -0.383788 -0.229973 -0.119604 -0.630971 -0.217254 -0.306644 -0.228711  0.427519  0.867898 -0.321847 -0.638433  0.530123  0.569458  0.656490  1.000000 -0.675694  0.385802  0.418842  0.009626  0.530626  0.513981  0.229878  0.007012 -0.070204 -0.440683 -0.117120  0.054287 -0.041094 -0.102166 -0.126411 -0.135275
S       -0.170712  0.396020  0.329579  0.328737  0.435831  0.329667  0.305931  0.043875 -0.246176 -0.747415  0.318538  0.548753 -0.273409 -0.431243 -0.417848 -0.675694  1.000000 -0.169068 -0.210519  0.376671 -0.480478 -0.452960 -0.204251  0.009067  0.059453  0.341007  0.040871 -0.043218  0.030538  0.104207  0.123851  0.154549
Normal  -0.255463  0.085341  0.205995  0.136245 -0.557471  0.247825  0.114719 -0.133280  0.289805  0.355280  0.199232 -0.296706  0.133530  0.479125  0.204003  0.385802 -0.169068  1.000000  0.912452  0.120282  0.029453  0.177463 -0.050808  0.215922  0.003054 -0.455721 -0.259770  0.069994  0.047901  0.001189 -0.056003 -0.092931
Temper1  0.001191 -0.225438 -0.035149 -0.079851 -0.473160 -0.077809 -0.144480 -0.089429  0.147368  0.409772  0.007678 -0.335846  0.143300  0.250335  0.230495  0.418842 -0.210519  0.912452  1.000000  0.127202  0.250813  0.265248  0.045548  0.049323 -0.041626 -0.220073 -0.055406  0.071853 -0.063968 -0.097749 -0.118461 -0.127326
Temper2  0.105528  0.104218 -0.048741  0.096827  0.083151  0.024920 -0.023487  0.097907 -0.237615 -0.104868  0.133212 -0.268246 -0.226233  0.016359 -0.264159  0.009626  0.376671  0.120282  0.127202  1.000000  0.008102  0.058420 -0.156014  0.084998  0.015182  0.087096  0.106313 -0.013788 -0.036810 -0.001627  0.038827  0.092621
AGS No.  0.695311 -0.787241 -0.674591 -0.647447 -0.181226 -0.747558 -0.595559  0.092960 -0.352966  0.709446 -0.360519 -0.588655 -0.131227  0.028975  0.011099  0.530626 -0.480478  0.029453  0.250813  0.008102  1.000000  0.829132  0.134502 -0.156802 -0.078909  0.086461  0.426513  0.017974 -0.129307 -0.147175 -0.125027 -0.121360
AGS      0.543699 -0.505985 -0.568775 -0.485744 -0.236374 -0.433966 -0.284737  0.229982 -0.342040  0.707965 -0.303530 -0.508013 -0.192638  0.322546 -0.149945  0.513981 -0.452960  0.177463  0.265248  0.058420  0.829132  1.000000  0.026009  0.030852 -0.043454 -0.132852  0.265843 -0.038404 -0.055293 -0.090778 -0.095029 -0.100202
CT Temp  0.063877 -0.179788 -0.255575 -0.200749 -0.058044 -0.186563 -0.135404  0.085940  0.278039  0.224543 -0.289948 -0.171128  0.236322  0.102096  0.353733  0.229878 -0.204251 -0.050808  0.045548 -0.156014  0.134502  0.026009  1.000000 -0.767939 -0.204421  0.193102 -0.050702  0.017512 -0.073147 -0.182854 -0.250320 -0.290056
CS      -0.227072  0.294926  0.230560  0.244689 -0.162902  0.332428  0.285086  0.036649  0.056223 -0.004804  0.223485  0.027718 -0.084180  0.287877 -0.123963  0.007012  0.009067  0.215922  0.049323  0.084998 -0.156802  0.030852 -0.767939  1.000000 -0.096741 -0.385425 -0.020835  0.103863 -0.097229 -0.022784  0.017091  0.035318
RT      -0.071379  0.085140  0.094513  0.080913  0.010874  0.106979  0.118148  0.007154 -0.021096 -0.073402  0.061671  0.062323 -0.036953  0.015180 -0.073075 -0.070204  0.059453  0.003054 -0.041626  0.015182 -0.078909 -0.043454 -0.204421 -0.096741  1.000000 -0.206896 -0.256471 -0.103964  0.550128  0.697380  0.935370  0.987500
EL       0.431017 -0.275994 -0.262625 -0.278520  0.506282 -0.430136 -0.306945  0.089581 -0.497887 -0.391927 -0.171682  0.222993 -0.263680 -0.706998 -0.305120 -0.440683  0.341007 -0.455721 -0.220073  0.087096  0.086461 -0.132852  0.193102 -0.385425 -0.206896  1.000000  0.623760  0.151796 -0.209067 -0.259966 -0.256389 -0.264887
RA_2     0.646866 -0.485682 -0.482377 -0.483560  0.186571 -0.560447 -0.449458  0.117330 -0.592792  0.036119 -0.279247 -0.115834 -0.365309 -0.442789 -0.332365 -0.117120  0.040871 -0.259770 -0.055406  0.106313  0.426513  0.265843 -0.050702 -0.020835 -0.256471  0.623760  1.000000  0.104180 -0.299114 -0.319424 -0.288086 -0.262398
MCR     -0.006730 -0.066360 -0.005231  0.000132 -0.025581 -0.051519 -0.055177 -0.103427  0.081022  0.024683 -0.016815 -0.048326  0.022378 -0.022782  0.102229  0.054287 -0.043218  0.069994  0.071853 -0.013788  0.017974 -0.038404  0.017512  0.103863 -0.103964  0.151796  0.104180  1.000000 -0.157738 -0.148092 -0.116563 -0.117932
0.5% CS -0.165610  0.147970  0.072321  0.139912  0.042319  0.170853  0.173208  0.169884  0.037693 -0.059810  0.062628  0.109361  0.001336  0.141407 -0.043103 -0.041094  0.030538  0.047901 -0.063968 -0.036810 -0.129307 -0.055293 -0.073147 -0.097229  0.550128 -0.209067 -0.299114 -0.157738  1.000000  0.809942  0.650411  0.610344
1.0% CS -0.148145  0.185945  0.101709  0.177904  0.086542  0.201074  0.205515  0.186108 -0.027124 -0.123846  0.077081  0.178891 -0.048784  0.106933 -0.107374 -0.102166  0.104207  0.001189 -0.097749 -0.001627 -0.147175 -0.090778 -0.182854 -0.022784  0.697380 -0.259966 -0.319424 -0.148092  0.809942  1.000000  0.851790  0.790328
2.0% CS -0.084279  0.150385  0.113663  0.119411  0.094735  0.149813  0.175119  0.121271 -0.083454 -0.140177  0.072775  0.155533 -0.074550  0.025424 -0.130490 -0.126411  0.123851 -0.056003 -0.118461  0.038827 -0.125027 -0.095029 -0.250320  0.017091  0.935370 -0.256389 -0.288086 -0.116563  0.650411  0.851790  1.000000  0.952720
5.0% CS -0.034790  0.137879  0.104785  0.121645  0.092260  0.130178  0.117237  0.085061 -0.122891 -0.156860  0.057596  0.140546 -0.088705 -0.027081 -0.147176 -0.135275  0.154549 -0.092931 -0.127326  0.092621 -0.121360 -0.100202 -0.290056  0.035318  0.987500 -0.264887 -0.262398 -0.117932  0.610344  0.790328  0.952720  1.000000
